[[0, 8, 10, 17, 21, 13, 19, 15, 24, 23, 28, 27, 33, 31, 16], [8, 0, 2, 9, 13, 5, 11, 7, 16, 15, 20, 19, 25, 23, 8], [10, 2, 0, 7, 11, 3, 9, 5, 14, 13, 18, 17, 23, 21, 6], [17, 9, 7, 0, 4, 4, 10, 6, 15, 14, 19, 10, 24, 22, 7], [21, 13, 11, 4, 0, 8, 14, 10, 19, 18, 23, 14, 28, 26, 12], [13, 5, 3, 4, 8, 0, 6, 2, 11, 10, 15, 14, 20, 18, 3], [19, 11, 9, 10, 14, 6, 0, 4, 10, 12, 17, 19, 22, 20, 2], [15, 7, 5, 6, 10, 2, 4, 0, 10, 8, 13, 16, 18, 16, 2], [24, 16, 14, 15, 19, 11, 10, 10, 0, 21, 26, 25, 31, 29, 8], [23, 15, 13, 14, 18, 10, 12, 8, 21, 0, 5, 24, 10, 8, 10], [28, 20, 18, 19, 23, 15, 17, 13, 26, 5, 0, 29, 5, 7, 15], [27, 19, 17, 10, 14, 14, 19, 16, 25, 24, 29, 0, 34, 32, 17], [33, 25, 23, 24, 28, 20, 22, 18, 31, 10, 5, 34, 0, 2, 20], [31, 23, 21, 22, 26, 18, 20, 16, 29, 8, 7, 32, 2, 0, 18], [16, 8, 6, 7, 12, 3, 2, 2, 8, 10, 15, 17, 20, 18, 0]]